32768.000000 9.387195
27306.664062 9.384922
22755.550781 9.381719
18962.957031 9.379299
15802.460938 9.381630
13168.714844 9.373937
10973.925781 9.380045
9144.937500 9.378358
7620.777344 9.378323
6350.644531 9.385708
5292.203125 9.377138
4410.167969 9.361010
3675.136719 9.309407
3062.613281 9.235107
2552.175781 9.178100
2126.812500 9.113051
1772.339844 9.061838
1476.949219 9.060611
1230.789062 9.060562
1025.656250 9.060541
854.710938 9.060519
712.257812 9.060624
593.546875 9.060468
494.621094 9.059112
412.183594 9.058956
343.484375 9.056953
286.234375 9.045035
238.527344 9.036307
198.769531 9.032210
165.640625 9.032261
138.031250 9.032601
115.023438 9.024519
95.851562 9.024207
79.875000 9.024061
66.562500 9.053756
55.464844 9.023452
46.218750 9.021974
38.515625 9.023124
32.093750 9.017040
26.742188 9.016652
22.285156 9.013146
18.570312 9.014724
15.472656 9.012876
12.890625 9.010909
10.742188 9.012364
8.949219 9.005674
7.457031 9.007858
6.210938 8.993711
5.175781 8.996226
4.312500 8.992754
3.589844 8.992383
2.988281 8.993464
2.488281 8.992151
2.070312 8.943396
1.722656 8.943311
1.433594 8.926431
1.191406 8.904918
