32768.000000 9.382154
27306.664062 9.378708
22755.550781 9.379455
18962.957031 9.379897
15802.460938 9.376069
13168.714844 9.381641
10973.925781 9.379023
9144.937500 9.379969
7620.777344 9.368840
6350.644531 9.355308
5292.203125 9.350079
4410.167969 9.334236
3675.136719 9.316754
3062.613281 9.258311
2552.175781 9.186537
2126.812500 9.109620
1772.339844 9.065020
1476.949219 9.060590
1230.789062 9.060549
1025.656250 9.060541
854.710938 9.060501
712.257812 9.060580
593.546875 9.060442
494.621094 9.058828
412.183594 9.058880
343.484375 9.056908
286.234375 9.045035
238.527344 9.036503
198.769531 9.032210
165.640625 9.031978
138.031250 9.032601
115.023438 9.024655
95.851562 9.024207
79.875000 9.024061
66.562500 9.024178
55.464844 9.023734
46.218750 9.022312
38.515625 9.023529
32.093750 9.022882
26.742188 9.017236
22.285156 9.013146
18.570312 9.015566
15.472656 9.013885
12.890625 9.010909
10.742188 9.013818
8.949219 9.005674
7.457031 9.007858
6.210938 8.993711
5.175781 8.996226
4.312500 8.992754
3.589844 8.992383
2.988281 8.993464
2.488281 8.985871
2.070312 8.950943
1.722656 8.943311
1.433594 8.926431
1.191406 8.918033
