1.000000 8.906250
1.199219 8.912052
1.437500 8.923913
1.722656 8.934240
2.066406 8.952741
2.476562 8.984227
2.968750 8.989474
3.562500 8.991228
4.273438 8.990859
5.125000 8.993902
6.148438 8.993647
7.375000 9.006356
8.847656 9.006623
10.617188 9.011038
12.738281 9.010733
15.285156 9.014056
18.339844 9.053887
22.007812 9.050763
26.406250 9.108876
31.687500 9.133629
38.023438 9.976577
45.625000 10.611986
54.750000 11.261130
65.699219 11.830430
78.835938 12.238232
94.601562 12.699480
113.519531 13.014831
136.222656 14.751011
163.464844 15.330322
196.156250 15.988291
235.386719 16.763438
282.460938 20.620606
338.953125 23.996773
406.742188 27.014963
488.089844 30.292899
585.707031 33.131085
702.847656 35.641436
843.414062 37.927360
1012.093750 39.710918
1214.511719 41.275461
1457.414062 42.800669
1748.894531 44.233040
2098.671875 48.755925
2518.406250 58.664135
3022.085938 74.432829
3626.500000 97.327658
4351.796875 118.834422
5222.156250 140.829701
6266.585938 162.312847
7519.902344 171.556901
9023.882812 191.515009
10828.660156 217.809784
12994.390625 221.480266
15593.269531 222.390175
18711.921875 229.810368
22454.304688 236.201641
26945.164062 242.668920
32334.195312 262.449090
